19181  59.70  2.40
19182  62.54  2.37
19183  60.89  1.81
19184  58.02  1.92
19191  58.69  2.14
19192  59.88  2.15
19193  56.74  1.92
19195  58.02  1.86
19197  62.17  2.34
19198  59.69  2.26
19202  58.45  1.80
19204  59.41  1.81
19205  59.76  2.06
19207  53.94  2.03
19208  53.71  1.87
19209  59.01  2.09
19211  58.25  2.02
19213  56.73  1.92
19214  54.28  2.14
19215  52.87  1.76
19217  60.01  1.85
19221  37.20  1.26
19222  53.07  2.02
19227  53.79  2.12
19228  58.84  1.88
19229  55.45  2.20
19231  56.38  2.07
19234  62.25  3.36
19237  55.98  2.06
19238  56.09  2.11
19240  58.61  2.02
19242  58.41  2.16
19243  56.22  1.96
19248  57.93  2.50
19249  56.20  2.10
