19003  0  0
19011  67.27  2.80
19012  60.79  2.65
19020  65.20  44.62
19022  69.73  3.04
19024  62.88  1.97
19026  65.19  3.01
19028  66.93  2.31
19029  66.06  2.05
19032  67.63  2.04
19033  65.52  1.86
19035  63.36  1.98
19037  67.89  3.35
19038  64.26  2.82
19039  65.95  2.48
19040  65.50  1.94
19041  63.01  2.37
19042  61.86  2.39
19043  61.25  1.73
19046  61.58  1.98
19049  63.70  2.08
19050  58.35  2.87
19052  61.56  1.95
19053  62.45  3.14
19055  58.85  2.13
19057  57.79  1.88
19059  55.65  1.98
19060  57.28  1.86
19065  51.42  3.14
19066  55.67  1.98
19068  59.50  2.00
19069  56.81  2.15
19070  55.65  1.94
19071  57.57  1.93
19072  60.51  1.82
19073  59.22  1.99
19074  57.49  2.09
19075  60.10  2.26
19077  58.43  2.16
19078  56.61  2.04
19079  43.16  2.33
19081  58.66  2.29
19085  57.07  2.04
19086  62.31  2.49
19090  64.01  16.87
19091  60.98  2.68
19092  63.68  2.00
19093  64.20  2.25
19094  62.07  1.89
19095  64.69  1.94
19096  61.20  1.91
19097  58.42  1.95
19098  60.51  1.83
19099  59.35  1.75
19100  58.00  2.29
19101  59.59  2.43
19102  59.48  1.89
19103  61.62  1.90
19106  58.56  2.03
19107  59.58  1.85
19108  59.37  1.87
19109  62.56  2.23
19110  62.31  2.11
19113  59.48  2.03
19114  61.64  1.86
19120  58.50  2.01
19122  58.37  2.70
19125  57.71  1.97
19126  61.17  2.12
19128  58.77  1.84
19129  60.22  2.38
19131  61.18  1.81
19132  60.32  1.85
19134  58.62  1.89
19136  57.22  2.32
19138  62.03  1.73
19139  62.91  3.05
19143  62.17  1.91
19147  59.25  2.36
19151  59.27  2.00
19155  57.47  1.82
19158  63.23  1.71
19159  60.18  4.23
19160  59.29  1.84
19161  62.22  1.86
19162  60.73  2.09
19163  64.61  3.40
19164  61.01  1.97
19165  60.86  2.78
19167  59.53  2.38
19169  59.10  2.26
